0.6367102795004482
0.4441791919298961
0.25036308760614634
0.38732607759875093
0.2168021817580631
0.8672090996385959
0.431679641453222
0.8557891320157291
0.7667552525593933
0.7719374602426585
0.8969033033163873
0.6560450957608058
0.7570849047776487
0.9208016622568432
0.959961649289235
0.4305292749884244
0.7811830573204075
0.14951294174847607
0.9891069855760197
0.42309123512195546
0.9496316506708802
0.1499925266490515
0.3688743805915584
0.03477954295151475
0.49369590747503145
0.7176830951246201
0.022736264385645133
0.6360702048101444
0.7920174385972198
0.8259371487030348
0.095727508823238
0.6999009188458285
0.3440969257370241
0.8950665946270521
0.4090096315747195
0.15288012267083118
0.17997710629184915
0.5347705373147441
0.46728861464630955
0.08129817524093419
0.8176065071582069
0.8560409660603391
0.1251959312641061
0.5740757030269376
0.15768495245529712
0.1722792316412869
0.5001877317940109
0.5365419700519757
0.6403626798789069
0.5392387809216279
0.35721236260380373
0.7669436968494401
0.5789837361798394
0.11954222150871396
0.9843418687830271
0.4518430830277118
0.8331368167480149
0.7999039842741212
0.5287582961870203
0.507071049066664
0.8865947761405173
0.8378225672066008
0.8689309073982359
0.867659901972596
0.9552959655659925
0.569388952154158
0.3615160238136408
0.9131871371575029
0.9663402999574683
0.3709907037663559
0.22045595478215918
0.7042204353037984
0.12104289061552354
0.13507429365159895
0.8609495501002634
0.6010608926549519
0.2834091829603912
0.4937606420629038
0.2724114085005561
0.13774017597284416
0.6199652794976589
0.903991956214714
0.3722328361824978
0.7322345943882715
0.75769739812519
0.4940205659267347
0.33610220629713805
0.9281169815940614
0.22392534949917997
0.26343340345011435
0.10083865616076193
0.3833752915523625
0.08525441327116601
0.8275387172310013
0.5921371399292267
0.7488843330624159
0.5123209126282601
0.40182380394853634
0.7423193945788855
0.9120250717379637
